11062.417
2911.382
22845.823
18933.711
14044.427
25886.9706
25942.259
18180.4865
51239.7788
19515.375
47834.2367
47593.8345
13548.7216
8502.441
22195.3764
22993.5165
18316.5305
17164.008
18373.283
21373.7002
44116.478
20306.8475
51375.7985
38911.5732
12922.425
10719.901
29597.207
23789.265
27824.217
23352.334
25473.583
20869.7983
49768.8769
28049.659
51925.4368
73937.903
26983.141
14152.5494
25434.7908
23280.9051
30451.3622
31253.4877
21615.178
45218.686
60124.229
44592.4682
68529.052
61045.4788
