14205.707
4519.892
55205.797
27906.855
23644.303
34322.9356
33781.543
27117.5365
81623.5268
31453.393
77907.6607
68167.0585
18066.9576
11951.411
32339.3184
34154.4685
29959.5305
23599.374
28608.259
36818.3422
63133.606
31011.7375
75249.3995
74543.6012
18542.491
22978.815
51165.059
38679.767
56656.908
39724.486
38320.783
30542.2003
69193.3909
59583.033
79066.4958
95739.121
43476.474
19920.9974
58863.4128
35541.9101
43825.9822
48190.7277
44825.104
62837.848
86152.888
77448.1312
117938.155
83030.3888
